4
110 75

0 154 587 634

154 0 533 214

587 533 0 945

634 214 945 0


3  11 
2  5 
6  15 
1  2 

30

NP 1 1 1 159

EP 2 2 1 433 4

SP 2 3 1 433 

NP 3 4 2 159

EP 4 5 2 433 8

EP 4 13 2 433 9

SP 4 6 2 159

NP 5 7 3 159

SP 5 8 3 588

EP 6 9 3 433 5

NP 7 10 4 159

SP 7 11 4 159

EP 8 12 4 159 6

EP 4 5 3 433 5

EP 4 6 2 433 5

EP 4 3 1 433 5

NP 9 14 1 300

SP 10 15 2 400

EP 11 16 3 600 7

NP 12 17 4 159

SP 13 18 1 250

EP 14 19 2 350 8

NP 15 20 3 433

SP 16 21 4 588

EP 17 22 1 433 6

NP 18 23 2 159

SP 19 24 3 159

EP 20 25 4 433 9

NP 21 26 1 159

SP 22 27 2 433

EP 23 28 3 588 10

NP 24 29 4 433

SP 25 30 1 159



2

10 1 2

15 4 2 

